9 41
0 0 0 0 0 1 0 1 0
13 8
0 1 1 0 0 1 0 0 0 1 0 1 1
95 5
0 0 1 0 0 0 0 0 0 0 0 1 1 0 0 0 0 0 1 1 0 1 0 0 1 0 1 1 0 0 1 0 0 0 1 1 0 1 1 0 1 0 1 1 0 0 1 0 0 0 1 0 0 1 0 1 0 1 1 0 1 0 0 1 0 1 0 0 0 0 0 0 0 0 1 0 0 0 1 0 0 0 0 0 0 0 0 0 1 1 0 0 1 0 1
17 65
0 0 1 0 0 1 0 0 1 1 0 1 1 1 1 0 0
86 95
0 0 1 0 0 0 1 0 0 0 0 0 1 0 0 0 1 0 0 1 0 1 1 0 1 0 0 0 0 0 0 1 0 1 1 0 0 1 0 0 1 0 0 1 1 0 1 0 0 1 1 0 1 0 1 0 1 1 0 1 1 0 0 1 0 0 1 0 1 1 0 0 1 1 1 0 1 1 0 0 0 0 0 1 0 1
6 20
0 0 0 1 1 0
64 21
0 0 1 1 0 0 0 1 1 0 0 0 0 1 1 1 1 0 1 0 1 1 1 1 1 0 1 0 1 1 1 0 0 1 1 0 1 0 1 0 0 1 1 0 1 0 1 0 0 0 0 0 0 0 1 1 0 0 1 1 1 0 1 1
56 52
0 0 1 1 1 1 1 1 0 1 0 1 1 0 1 1 1 1 1 1 0 0 1 0 1 0 0 0 0 1 1 1 1 0 0 1 0 1 0 0 0 0 1 1 0 1 1 1 0 0 0 1 1 1 1 0
69 52
0 0 0 1 0 1 0 0 1 1 0 0 1 1 0 1 0 0 0 1 1 1 0 1 0 1 0 1 0 1 1 0 1 1 1 1 0 1 0 1 1 0 1 0 1 0 0 0 0 0 1 1 1 1 0 1 0 1 1 1 0 0 1 1 0 0 1 0 1