9
90 21
0 0 0 1 1 0 1 1 0 0 1 0 0 0 0 0 1 0 1 0 0 1 1 0 0 1 0 1 1 1 0 0 1 1 0 0 1 1 1 1 0 1 0 0 1 1 1 1 1 1 1 0 1 0 1 1 0 1 1 0 1 1 1 0 0 1 1 1 1 1 1 1 0 0 0 1 1 0 1 0 1 0 0 1 1 1 0 1 1 1
92 90
0 1 1 1 1 1 0 1 0 0 1 1 0 0 0 0 0 0 1 0 0 0 1 1 1 1 0 1 0 0 0 1 1 1 0 1 1 1 1 1 1 0 0 0 1 1 1 1 0 0 0 1 1 1 1 1 1 1 1 1 0 1 1 1 1 1 1 0 1 0 1 0 1 1 0 0 1 1 1 1 0 1 0 1 1 1 1 0 1 0 0 0
3 1
0 0 1
94 65
0 1 1 0 1 1 1 1 0 1 0 0 0 0 1 0 1 0 1 0 1 0 0 1 1 0 1 1 0 0 1 0 0 0 0 1 1 0 0 1 0 1 1 0 0 0 1 0 1 1 0 0 0 0 0 1 1 1 1 0 0 0 0 0 1 1 1 1 1 0 1 0 1 1 1 0 0 1 1 0 0 1 1 1 0 1 1 1 1 1 1 0 0 0
21 1
0 1 1 0 1 1 0 0 1 0 0 0 1 1 1 1 0 1 0 1 1
12 4
0 1 0 1 1 0 1 0 1 0 0 0
15 11
0 0 0 0 0 0 1 1 0 0 0 1 1 1 0
5 1
0 1 0 1 1
51 21
0 1 1 1 1 0 1 1 1 1 0 1 1 0 0 0 1 0 1 0 0 0 0 1 1 1 1 0 1 0 0 1 0 0 1 1 0 1 0 0 1 0 1 1 1 0 0 0 1 0 1
